0.604660 0.940509 1
0.664560 0.437714 1
0.424637 0.686823 1
0.065637 0.156519 -1
0.096970 0.300912 -1
0.515213 0.813640 1
0.214264 0.380657 -1
0.318058 0.468890 -1
0.283034 0.293102 -1
0.679085 0.218553 -1
0.203187 0.360871 -1
0.570673 0.862491 1
0.293114 0.297083 -1
0.752573 0.206583 -1
0.865335 0.696719 1
0.523820 0.028303 -1
0.158328 0.607253 -1
0.975242 0.079454 1
0.594809 0.059121 -1
0.692025 0.301523 -1
0.173266 0.541100 -1
0.544156 0.278508 -1
0.423152 0.530586 -1
0.253541 0.282081 -1
0.788605 0.361805 1
0.880543 0.297112 1
0.894362 0.097455 -1
0.976917 0.074291 1
0.222289 0.681078 -1
0.241515 0.311522 -1
